127
0 79993
278 79964
3 79956
919 70742
3302 78648
2920 76872
19 79166
11989 79071
76 68047
68 73190
62 70135
8 79930
34 78476
141 79171
192 79643
183 79691
123 79950
17 79628
241 59802
155 79423
196 78091
453 79975
264 79985
206 74184
215 66594
369 79881
12 79318
1268 79955
319 79895
106 63480
8933 79926
9468 79987
72310 79526
62889 79992
61710 78001
412 72263
43417 79997
502 79990
392 78440
1516 79896
1648 68809
1373 78473
408 74437
711 79565
1073 79998
1247 79959
1739 79977
531 78961
577 77836
1406 79861
428 67070
853 79023
2340 79065
2526 77438
2177 79999
1814 79727
1845 79978
1932 79967
3500 79812
2101 79939
2027 79973
3086 79840
3149 79608
3209 79695
6 79775
2887 76394
5233 79737
5801 79972
3363 79913
4136 79866
8634 79714
8858 79995
5894 79815
6437 77924
5001 79641
10749 66162
11107 79897
9560 79986
8207 78308
7970 79984
10132 78374
5467 76113
374 79135
6480 75647
128 79850
18091 79229
20702 78338
1875 79445
6704 79637
8149 79756
4614 79933
9914 77437
3040 79898
12183 77822
11842 79420
6405 79963
14422 79974
33526 79718
17411 79927
11294 79701
22681 79991
27194 77278
26173 79971
481 79942
21047 72626
37821 76608
26997 78256
24662 79947
21897 73530
13004 76580
28371 79980
29277 79819
422 49690
67944 79945
40640 79981
41014 79811
55634 78757
51144 79566
38494 79982
43270 76950
46021 79864
75521 78911
76078 79996
34541 79200
76744 79910
79042 79342
79917 79918
